6.508010654811033913e-01
6.340827127230727056e-01
4.709478796623174368e-01
4.070962643199976805e-01
4.934351804114647244e-01
7.279742752608558964e-01
1.000000000000000000e+00
3.472057692026683795e-01
8.107060064571556257e-01
5.753274660511370486e-01
6.392015405864970301e-01
4.489146621603414822e-01
6.512461885531575234e-01
6.971253497748575167e-01
5.143466414086336203e-01
5.878925933644010282e-01
3.073471339202156760e-01
5.383828786835164193e-01
3.616286184363245448e-01
4.300200951863732413e-01
7.861184339837405943e-01
7.985528909637528150e-01
5.023044758511451269e-01
6.127380279266475549e-01
4.320002725217898520e-01
6.712767201188551969e-01
1.720528180386103334e-01
3.870436069972842952e-01
5.848974485203500828e-01
2.612984767647284490e-01
2.314757379681817717e-01
3.147123373755791320e-01
3.467391995308365948e-01
5.139015263486585994e-01
1.155407497384521032e-01
5.969155671577914823e-01
4.084091516422285739e-01
3.291785912465063357e-01
2.378120801685578989e-01
1.112823529362812341e-01
8.473526352861305844e-01
3.273981292706562019e-01
6.984211526737720277e-01
2.802362315156936567e-01
0.000000000000000000e+00
7.101974640935349026e-01
2.775451927450403589e-01
4.117475179304067590e-01
3.284897679695538142e-01
7.518157629292584465e-01
7.523141543091531602e-01
3.645870256276513843e-01
5.388279937434912181e-01
7.018223857405425647e-01
3.583553046219150606e-01
5.502032845805603367e-01
2.301599026014489180e-01
2.956341780158698307e-01
8.369739023364990149e-02
5.619740008984243085e-01
6.701370686353969042e-01
