0.000000000000000000e+00
0.000000000000000000e+00
0.000000000000000000e+00
0.000000000000000000e+00
2.111353811503404593e-02
0.000000000000000000e+00
6.270135171714839029e-01
9.177777025830797797e-01
7.987802950931004453e-01
3.663149461819190100e-01
1.083114700613710575e-02
6.087660060885266011e-01
8.210516550509188161e-01
3.571144200259043222e-01
3.557615208938880169e-01
2.777402143725055117e-02
5.686720270587158899e-01
7.356848312630049902e-01
6.926148751729193087e-01
2.990187025247915131e-01
1.000000000000000000e+00
6.519980183555615927e-01
2.793833937987206806e-01
4.843994212857055670e-01
3.968643351735878233e-01
3.961303444448052713e-01
3.964940376979682046e-01
3.472447233901130303e-01
3.151215742928868968e-01
1.277519903287966350e-02
4.541675848609537103e-01
7.518852666706710153e-01
4.536045485129685390e-03
5.200802022551737069e-01
3.047583772728898466e-01
6.262624743292095619e-01
5.179510042678385773e-01
4.063994493467080193e-01
8.440044774517571069e-01
9.839796948986976322e-01
0.000000000000000000e+00
3.332660617272955282e-03
6.751476399202841483e-01
3.925199010106482089e-01
5.669131543191719969e-01
3.043830030442633006e-01
6.017302040820271189e-03
4.828654920289590091e-01
6.840171939959630576e-01
6.822696689658211411e-02
4.390341340765137601e-01
5.834104797979279278e-01
0.000000000000000000e+00
5.460281978414424087e-01
3.406776767627361230e-02
3.838178131309872287e-01
1.684873176766641112e-01
4.488207363742476308e-01
5.705329847474011062e-01
1.944052026742557537e-03
8.516799170105296413e-02
