5.040168300459897388e-01
5.739879222667407799e-01
4.489942472216941205e-01
4.880173730281145428e-01
3.014195303909105728e-01
5.979597764765345325e-01
1.000000000000000000e+00
2.020067447375122061e-01
7.838872058370525142e-01
3.310002175903899446e-01
4.199957147648354927e-01
4.369948543981706512e-01
5.130165246560426384e-01
7.518019423706350235e-01
5.729879732647601420e-01
4.030913097378725496e-01
4.349707404195523597e-01
5.989866575157377637e-01
3.789512264405714426e-01
3.990203927287158114e-01
6.320124867889611586e-01
6.459842792078817064e-01
3.929735657017913719e-01
6.244781154326723982e-01
4.699931846628602750e-01
7.270092630950818480e-01
2.580039116472683247e-01
4.029965745315308712e-01
3.649984974570297247e-01
2.020067447375122061e-01
6.101387906111126191e-02
4.679932860589295363e-01
4.059726909382549986e-01
5.049914135314805819e-01
9.203081018578616879e-02
4.359949047962204949e-01
5.429894912059514134e-01
1.610088194571301368e-01
4.538468166787680280e-01
1.962498848380773986e-01
9.790339954924079935e-01
4.789927292805028491e-01
7.604823949345270728e-01
2.940239560114115136e-01
0.000000000000000000e+00
7.219804339568536289e-01
4.129960687511237127e-01
3.829975866923149841e-01
3.149788124831012226e-01
4.909921221040262629e-01
4.038543457277936066e-01
8.130063453911196003e-01
3.459994586197943089e-01
9.780672806087609139e-01
4.730178818113697781e-01
3.803264252546868091e-02
1.280295886259978921e-01
8.206781691922332422e-02
6.801352507482322229e-02
4.889922235000956907e-01
5.129910091471425737e-01
