1.085048739517597770e-06
0.000000000000000000e+00
1.573320672290209332e-01
4.810473771710341850e-01
3.880484222878098910e-01
5.334723208070381029e-01
8.092800911461774938e-01
9.439924033741258214e-01
1.000000000000000000e+00
8.761768571547202678e-01
9.114409411888111379e-01
9.421839889891163722e-01
8.608207656315273182e-01
8.878362581505686579e-01
7.703846050524475464e-01
7.794829834117337208e-01
8.074425611058164698e-01
8.029360672377621189e-01
9.602339565165372015e-01
8.635334325098263930e-01
8.789052122102192222e-01
9.286208797452353281e-01
8.164844832941371422e-01
8.755548469970276804e-01
7.685761906674382082e-01
7.107198549051992886e-01
7.758098487499999196e-01
8.336791150380674642e-01
9.467050252229018970e-01
8.499548461307248060e-01
6.474124143937505238e-01
6.772512547302890207e-01
7.106939943960661754e-01
8.128823471691001279e-01
7.089114101388253042e-01
7.324078991695802676e-01
7.179405824619323750e-01
6.103399159746502045e-01
6.545741049910912546e-01
5.941960448875376333e-01
5.940861576614924200e-01
5.841179049506549648e-01
5.788751214215654972e-01
6.709340711300185722e-01
5.886280456675226924e-01
6.121483303596596537e-01
5.967768067307691604e-01
6.067230866621071694e-01
6.492089241665143229e-01
5.606085152329114418e-01
4.710383802832512901e-01
4.141349228767863266e-01
4.123185210139859724e-01
3.752680409464322353e-01
3.499351357863520473e-01
3.616900263880163946e-01
1.826540004304995912e-01
1.627687045351150774e-01
1.862667002645498615e-01
2.224349915996503002e-01
2.848252941215034806e-01
