0.000000000000000000e+00
4.999666870552268300e-02
1.499950010333178096e-01
3.499999995500075456e-01
4.501800568489925380e-01
5.499766695388488280e-01
8.500000010499826342e-01
9.499816686555285772e-01
9.499266705721816084e-01
9.499816686555285772e-01
9.999808333194510901e-01
9.499816686555285772e-01
1.000000000000000000e+00
8.498833449942889695e-01
7.999841686638609062e-01
8.000475036082573821e-01
8.499666686055343812e-01
8.499833333277834191e-01
8.999475035749580076e-01
8.999999997000049934e-01
8.999999997000049934e-01
9.499816686555285772e-01
9.499633359610796246e-01
8.002692479124450253e-01
7.999841686638609062e-01
7.500000007499875165e-01
7.999841686638609062e-01
8.499833333277834191e-01
8.499833333277834191e-01
8.499833333277834191e-01
7.499850009999883271e-01
6.999858333361159701e-01
7.499700012499892487e-01
6.999858333361159701e-01
7.500000007499875165e-01
7.499850009999883271e-01
7.999841686638609062e-01
7.499850009999883271e-01
5.499183415110020512e-01
6.001375285078124344e-01
6.500133352277417398e-01
6.499866686721933462e-01
7.002267323210525918e-01
6.500000004499926209e-01
6.999716675722166270e-01
7.499850009999883271e-01
7.499850009999883271e-01
7.499850009999883271e-01
7.999683349277617594e-01
8.499833333277834191e-01
5.499183415110020512e-01
4.499999998500025522e-01
3.999908333527805171e-01
4.500200035166014301e-01
3.499999995500075456e-01
3.499999995500075456e-01
2.000000005999900410e-01
1.500100007833169435e-01
1.999941686971903609e-01
2.499933333611129016e-01
3.499916686888580042e-01
