1.125107653625996983e-05
0.000000000000000000e+00
1.557874424896487642e-01
4.745441285677191035e-01
3.844321373427336819e-01
5.282247208631091206e-01
7.986590372413302497e-01
9.445732861805857805e-01
1.000000000000000000e+00
8.783188567950886982e-01
9.123414015275551625e-01
9.454686164889027911e-01
8.676006066184661636e-01
8.933826225533866294e-01
7.869951836115013366e-01
8.023142887484265851e-01
8.326318916888214572e-01
8.281803691989088057e-01
9.874937134193525479e-01
8.971469929571833646e-01
9.114725137202095429e-01
9.571079078110318328e-01
8.541194564797243149e-01
9.110265727032809124e-01
8.075877764052051822e-01
7.485197143021399269e-01
8.183317379562153882e-01
8.738422057907022644e-01
9.812818213008048795e-01
8.792141865662074229e-01
6.822415584891513562e-01
7.091014623666770378e-01
7.448910014544708469e-01
8.460869721420578582e-01
7.440429891644187999e-01
7.708792412849860831e-01
7.377520263236384546e-01
6.267310901174664162e-01
6.749439149225394674e-01
6.135588659399834333e-01
6.160301656532410908e-01
5.918132150766829414e-01
5.832164310184537737e-01
6.759967651371460162e-01
5.944780463065569842e-01
6.231497699585950567e-01
6.025571766276933694e-01
6.141964684870204749e-01
6.696845238805139156e-01
5.873365646094947934e-01
5.075339218144524489e-01
4.521605023419158487e-01
4.557230356096191315e-01
4.199645825629789719e-01
3.921723837774201415e-01
4.029165247525883786e-01
2.265335493841575676e-01
2.059699819397819986e-01
2.327858334261561635e-01
2.685990387752564823e-01
3.312721474646843078e-01
