0.000000000000000000e+00
0.000000000000000000e+00
0.000000000000000000e+00
0.000000000000000000e+00
8.008449815167896224e-01
0.000000000000000000e+00
0.000000000000000000e+00
0.000000000000000000e+00
0.000000000000000000e+00
5.365698829364238392e-02
4.437100196164956989e-01
1.750091304228684475e-01
8.766200479778327170e-02
1.075111972151873291e-01
3.568813639995749298e-01
1.000000000000000000e+00
1.743823044942743872e-01
1.651304234175268726e-01
0.000000000000000000e+00
6.623004914630733486e-01
0.000000000000000000e+00
4.100184223158366281e-01
0.000000000000000000e+00
1.134832200122697227e-01
1.503643509159048042e-01
3.972347134859078865e-01
0.000000000000000000e+00
3.171585527567238327e-01
0.000000000000000000e+00
6.829827522980289611e-01
3.095675488823897981e-01
2.854426993528068612e-01
3.326469855828413924e-01
1.134491727814419954e-01
5.989717124849928270e-02
0.000000000000000000e+00
2.668291337880351333e-01
0.000000000000000000e+00
0.000000000000000000e+00
0.000000000000000000e+00
0.000000000000000000e+00
2.377129365102063907e-01
1.932615095862077748e-01
0.000000000000000000e+00
4.395432362770755330e-01
0.000000000000000000e+00
1.498444209385240977e-01
0.000000000000000000e+00
6.239080490923008815e-02
0.000000000000000000e+00
4.999166756885276564e-01
0.000000000000000000e+00
0.000000000000000000e+00
0.000000000000000000e+00
5.875330408503379870e-02
0.000000000000000000e+00
2.215987384168912333e-01
0.000000000000000000e+00
8.632951897034085720e-01
0.000000000000000000e+00
7.494300691965511962e-01
