2.570468917372378259e-01
6.798577648431480824e-01
2.229163782132601024e-01
1.470484074304396482e-01
2.431235381891985736e-01
8.781646280937430715e-01
4.979760311993298161e-01
2.363127337061301791e-01
4.909014922058285713e-01
2.467786401634133597e-01
2.758738522024369311e-01
3.807422139307422015e-01
9.563902782708353367e-01
7.195119461610605116e-01
5.478827087186369793e-01
2.653505193279078189e-01
2.605819100179597170e-01
4.114073179039236527e-01
1.021216709483623586e-01
1.844123076850041343e-01
3.742669756461190489e-01
3.413904177080790969e-01
2.790015919080106599e-01
2.209177253886561720e-01
2.366267108370532224e-01
6.015902112781629230e-01
1.331189187692621845e-01
1.631560622010549411e-01
3.044457711164362812e-01
1.082100642895178350e-01
2.336962618014662985e-01
3.349015528159739463e-01
2.975259349348833848e-01
1.352120975489017884e-01
5.086514294779079931e-02
4.260595819204859858e-01
6.369475527639667511e-01
2.857118043978739697e-01
4.649019502482263366e-01
2.230495924303680655e-01
5.305417580572984182e-01
2.344288709205917254e-01
1.000000000000000000e+00
1.293607318234228087e-01
5.512152243089987191e-01
5.121939769302290557e-01
3.063296339019746517e-01
9.837876275766793688e-01
6.903047761566922791e-01
3.334363282981804844e-01
4.722273506897924356e-01
3.397289198062030668e-01
3.222378127217718768e-01
4.835637273448466500e-01
4.033626774894666922e-01
1.636894716692375573e-01
0.000000000000000000e+00
1.393229184900235118e-01
2.866919530870193702e-02
1.925652576505441915e-01
2.718968106372589566e-01
