2.511419661982447217e-07
0.000000000000000000e+00
1.675575415360066323e-01
4.107593579271303641e-01
4.147480153606508679e-01
5.737642712896693364e-01
8.538963886688897276e-01
1.000000000000000000e+00
9.623307841355103198e-01
9.310650852054369597e-01
9.743472845607338284e-01
9.975821195710942169e-01
9.190516510653967686e-01
8.321249134209887099e-01
8.165440680591397049e-01
8.295470431623769292e-01
8.599811878786460806e-01
8.504284867596214603e-01
9.133208768663805266e-01
9.155708971777433147e-01
9.276634223039222915e-01
9.810115543891541057e-01
8.601779661165550595e-01
8.283419334664043898e-01
8.131987813182220970e-01
7.526739736916705503e-01
7.957397766626822522e-01
8.857916901684235178e-01
8.992030347222019770e-01
9.040368468581682082e-01
6.832703533008156471e-01
7.191177170612526037e-01
7.575308221279878351e-01
7.671041648522822776e-01
7.561352438678680121e-01
7.806762468108237041e-01
7.598037641777697360e-01
6.460201903715371285e-01
5.950726363564629029e-01
6.313187633156327472e-01
6.329616632522144792e-01
6.206275772781604250e-01
6.147720474730618001e-01
6.132675091255008759e-01
6.319093277377233475e-01
6.477785605527028867e-01
6.356287608899591213e-01
6.427391991770244895e-01
5.905712788560172344e-01
5.965383984124990047e-01
5.002217245662281542e-01
4.359711965000160339e-01
4.346212783007425418e-01
3.950653134525517474e-01
3.677034216609726403e-01
3.819888313221673770e-01
1.897514845998953537e-01
1.707192323766047737e-01
1.926101708784737354e-01
2.312660554748620922e-01
2.945556779757607657e-01
