0.000000000000000000e+00
1.546803776002567965e-01
1.546803776002567965e-01
1.537921517320936238e-01
1.555898013225629484e-01
1.524300656302391144e-01
1.736700455640245722e-01
2.812690852089584359e-01
2.786965809210849576e-01
3.409017811959874078e-01
3.409017811959874078e-01
3.429941544014032395e-01
4.289440898781982647e-01
5.292764398411737847e-01
5.993101262883656632e-01
6.564696095649041885e-01
7.205004930745159131e-01
7.457764013184533525e-01
8.280868278166412244e-01
8.421950951065559909e-01
8.463799168428955966e-01
6.892822682781091226e-01
7.477009179003540895e-01
7.519376765763366999e-01
9.100278580102584280e-01
9.081060154839882825e-01
9.769838696319292914e-01
9.696605539972874555e-01
8.598108508632853475e-01
8.441180361298564749e-01
8.451642258711271616e-01
6.819589526434671756e-01
8.439485788392390164e-01
8.462104156123977372e-01
8.432413036792032468e-01
8.294714111376982890e-01
5.940791901362652006e-01
5.302617414612790236e-01
4.340828840993103399e-01
5.939703636046524959e-01
5.347751142440051453e-01
1.829274441204280510e-01
3.467803347036335082e-01
3.442014779643566835e-01
4.045570854320230669e-01
4.068116030763894164e-01
4.036730401297028981e-01
4.664442990634183883e-01
8.261636796481861555e-01
9.037507321168853913e-01
9.048202476579773057e-01
9.070598131884648474e-01
9.707067437385580311e-01
9.712214931703176957e-01
9.666935009613867313e-01
9.698321141250791921e-01
9.687859118295574223e-01
9.722677331285960456e-01
9.571063022105450457e-01
8.085476602521688427e-01
1.000000000000000000e+00
