0.000000000000000000e+00
2.256975785515469984e-03
6.145708029188129721e-04
1.231824252638622549e-03
1.461526146731319253e-03
2.026351258110336293e-04
5.337905123509460899e-03
1.025172054726993529e-03
1.636998903973143271e-03
2.667577025005612133e-03
1.435773294217135895e-03
3.899380755794077530e-03
6.364425350465688531e-03
4.506845603258952115e-03
8.621295053043870685e-03
3.494336687973052889e-03
4.513876332459062883e-03
8.415994439457818652e-03
9.439520779764403943e-03
8.622769830060548688e-03
4.721992997190144203e-03
7.389491322255394880e-03
5.335065138417931577e-03
5.772777170855074649e-03
6.773589456861161748e-03
5.132601085509027466e-03
6.362988217371019599e-03
5.952386977880877450e-03
2.024250820755959523e-01
6.157687591466929483e-03
4.925883860678464087e-03
5.747086351976786467e-03
5.129767936928222860e-03
5.541785726072696351e-03
6.159121300147227425e-03
8.294012018911435524e-02
9.648996122778751017e-02
2.667577025005612133e-03
3.891005328051256630e-03
4.121478331279422765e-03
5.054683108815729575e-01
9.437656273473964408e-01
9.422075084611709617e-01
9.400872152928767544e-01
9.653047732069162112e-01
9.521829528000577136e-01
9.610108795784351177e-01
9.523882534629157792e-01
1.000000000000000000e+00
9.723024138183895548e-01
6.034303107278090467e-02
7.185641514785427383e-03
5.541785726072696351e-03
7.804475959957624630e-03
6.980337476785005227e-03
5.543209173827922005e-03
6.159121300147227425e-03
5.340745305689570920e-03
7.594791948159484996e-03
6.773589456861161748e-03
1.005839940973642620e-02
