0.000000000000000000e+00
9.997000300149930796e-01
0.000000000000000000e+00
0.000000000000000000e+00
0.000000000000000000e+00
0.000000000000000000e+00
9.997166450291595785e-01
9.997000300149930796e-01
9.996500050264917059e-01
9.997000300149930796e-01
0.000000000000000000e+00
9.997000300149930796e-01
0.000000000000000000e+00
9.996000400199906988e-01
0.000000000000000000e+00
9.997666700176611743e-01
9.996833550188258810e-01
9.997000300149930796e-01
9.996666800226587934e-01
9.997166450291595785e-01
9.997166450291595785e-01
9.997000300149930796e-01
0.000000000000000000e+00
1.000000000000000000e+00
0.000000000000000000e+00
9.997166450291595785e-01
9.997000300149930796e-01
9.997000300149930796e-01
9.997000300149930796e-01
9.997000300149930796e-01
0.000000000000000000e+00
9.997000300149930796e-01
0.000000000000000000e+00
9.997000300149930796e-01
9.997166450291595785e-01
9.997000300149930796e-01
9.997000300149930796e-01
0.000000000000000000e+00
9.996000400199906988e-01
9.999000100049977302e-01
9.997333200253266661e-01
9.997000300149930796e-01
9.999833250038329124e-01
0.000000000000000000e+00
0.000000000000000000e+00
0.000000000000000000e+00
9.997000300149930796e-01
0.000000000000000000e+00
0.000000000000000000e+00
0.000000000000000000e+00
9.996000400199906988e-01
0.000000000000000000e+00
0.000000000000000000e+00
0.000000000000000000e+00
0.000000000000000000e+00
9.997166450291595785e-01
0.000000000000000000e+00
0.000000000000000000e+00
0.000000000000000000e+00
9.997000300149930796e-01
0.000000000000000000e+00
