1.175714320027890485e-03
6.365031327943049180e-04
0.000000000000000000e+00
1.381652084916299428e-01
3.788932515923112976e-01
3.815677914138125848e-01
5.657645722585729064e-01
7.991977000402511466e-01
8.918083251408979173e-01
8.256493505237235686e-01
9.729906303166658832e-01
8.912799066277881099e-01
8.586689488436085593e-01
8.986714066745569163e-01
8.318507097839018538e-01
7.846472510160263925e-01
8.593418636636716013e-01
8.472235055777218582e-01
8.500740636909062120e-01
8.984100997285405787e-01
1.000000000000000000e+00
9.371063903497250935e-01
9.125568315658253438e-01
8.243940583492314067e-01
7.285017945078910984e-01
7.635320874283265669e-01
7.156415118976815481e-01
7.201694346828222404e-01
7.860383930643595196e-01
7.797297256358723949e-01
7.542146709185609810e-01
7.424384917187184518e-01
7.266937834803973706e-01
6.811303834840417570e-01
6.577621553517882802e-01
6.508175257182986506e-01
6.871055469294180540e-01
6.834713235600959891e-01
5.854982573823545033e-01
6.787756879248221242e-01
6.433998806125778014e-01
6.714591762578437928e-01
6.446164026287470872e-01
7.211433984655298834e-01
6.176236761806535025e-01
6.445407219131464860e-01
6.250433575301076461e-01
5.950960588954830044e-01
6.868359461886223150e-01
6.602851680991282945e-01
6.153808510886185079e-01
4.789457140824209258e-01
3.657796323094581470e-01
3.636164924809943688e-01
4.225084309128571136e-01
3.778148292178441503e-01
4.090998701044730179e-01
1.484990341456048912e-01
1.280892300457493194e-01
1.612862048001821036e-01
2.079056394896688920e-01
