7.534281408965622095e-04
0.000000000000000000e+00
5.095212767162780182e-02
1.256371244965560630e-01
1.260741932945146082e-01
1.666014629677931846e-01
2.489283365947416726e-01
2.899109236160037351e-01
2.779810552078478825e-01
2.694842070662261113e-01
2.847592436091357371e-01
2.916349387210387389e-01
2.751783463460876766e-01
2.454001102155099756e-01
2.483231269771299099e-01
2.489616093627300963e-01
2.581444639166292632e-01
2.587855661603855606e-01
2.694640500821668949e-01
2.684712259414608337e-01
2.729324836917937924e-01
2.894183916570912674e-01
2.596376652573841870e-01
2.464467554278548522e-01
2.450150434912191366e-01
2.271580445505793355e-01
2.321468123015961171e-01
2.589216900082577100e-01
4.241257906274207845e-01
2.634323826343703545e-01
2.053187873862343804e-01
2.122388076393256773e-01
2.277073035168804827e-01
2.274927345224829200e-01
2.271631505545775864e-01
2.784581342643696056e-01
3.299168484080040598e-01
1.997676668758524288e-01
1.877304683198179058e-01
1.970495013060580280e-01
5.911245775309724726e-01
9.779216559901033889e-01
9.785099601301435746e-01
9.748273920420524874e-01
1.000000000000000000e+00
9.929007722599931807e-01
9.986989175328520041e-01
9.853844867809894437e-01
1.830587980645794755e-01
1.871386692029975429e-01
1.566380724418118264e-01
1.319353468137894059e-01
1.329058129793568022e-01
1.229182401199922919e-01
1.125025760370131078e-01
1.170267044926814604e-01
5.829057913068683150e-02
5.328897105096136455e-02
5.582456478672599698e-02
7.071752673743202100e-02
8.442782977859371318e-02
