6.250098756467477035e-01
6.547469163928422153e-01
3.698385335054255041e-01
3.115260677747256346e-01
4.122809493126627367e-01
6.436123890188558683e-01
1.000000000000000000e+00
3.543630085210250358e-01
7.360163222904759772e-01
5.718139748891352125e-01
6.087171498519360346e-01
3.210311085546242449e-01
7.222295375425633601e-01
6.911051693126573081e-01
4.349151000271320733e-01
5.842066491115931459e-01
1.916552304203627544e-01
5.297522915188392911e-01
3.269460008640220350e-01
4.107298043496611650e-01
7.103250889916732369e-01
7.456160247139392849e-01
3.551375390235244067e-01
4.773570001422597353e-01
3.853140584898258614e-01
6.321525446820477345e-01
1.404833169112301439e-01
3.111109001519291040e-01
5.678458914804400681e-01
2.519864586242226978e-01
1.869098918644311325e-01
2.361141252275273661e-01
2.595083244482154772e-01
4.523746665968375047e-01
9.803962663498916319e-02
5.511799414972397004e-01
3.777747000847305747e-01
3.424587585330247652e-01
1.951443491878107062e-01
8.867716734272668155e-02
9.043958388711310636e-01
2.702396417804330819e-01
7.071530106382007963e-01
2.777967972773452976e-01
0.000000000000000000e+00
7.464096413004444042e-01
2.531768836230226527e-01
3.765842750859306198e-01
1.341189810720454789e-01
6.507788332222320671e-01
6.819794903143561182e-01
4.123170641881912513e-01
4.515810500103323299e-01
6.306126404261400697e-01
2.845426514720554856e-01
5.063622066450319537e-01
1.583554983563646157e-01
2.187049955365110154e-01
5.596314199642806603e-02
4.630884915860376538e-01
6.321288414156416291e-01
