0.000000000000000000e+00
0.000000000000000000e+00
0.000000000000000000e+00
0.000000000000000000e+00
0.000000000000000000e+00
0.000000000000000000e+00
2.085292821584941881e-03
0.000000000000000000e+00
0.000000000000000000e+00
5.373549614356928211e-03
0.000000000000000000e+00
0.000000000000000000e+00
6.212131353528148672e-03
5.110558610647777424e-03
3.485151822030719670e-03
0.000000000000000000e+00
5.110984703250200101e-03
4.578818666029194594e-03
5.373370690461250383e-03
0.000000000000000000e+00
0.000000000000000000e+00
0.000000000000000000e+00
0.000000000000000000e+00
0.000000000000000000e+00
0.000000000000000000e+00
0.000000000000000000e+00
3.893453964634570851e-03
0.000000000000000000e+00
0.000000000000000000e+00
0.000000000000000000e+00
5.386892494217732086e-01
0.000000000000000000e+00
0.000000000000000000e+00
0.000000000000000000e+00
3.092868473326890189e-01
0.000000000000000000e+00
3.175571048233972182e-01
0.000000000000000000e+00
4.403391441984675844e-03
0.000000000000000000e+00
0.000000000000000000e+00
0.000000000000000000e+00
6.534688265695569147e-03
0.000000000000000000e+00
0.000000000000000000e+00
0.000000000000000000e+00
0.000000000000000000e+00
2.077967003597102225e-03
0.000000000000000000e+00
3.645556000839337597e-03
1.000000000000000000e+00
0.000000000000000000e+00
0.000000000000000000e+00
0.000000000000000000e+00
0.000000000000000000e+00
0.000000000000000000e+00
0.000000000000000000e+00
0.000000000000000000e+00
0.000000000000000000e+00
0.000000000000000000e+00
4.221554017834114152e-03
