2.296336292294420822e-03
2.296285761513405192e-03
3.600954192109222241e-02
8.494292863872109078e-02
2.398651082537936741e-01
1.177401774840470539e-01
1.741031104147303388e-01
2.035001408768903897e-01
1.959183941567845810e-01
1.593879737825656395e-01
4.997885461066133850e-01
3.327349188192801899e-02
1.573980106604145612e-01
0.000000000000000000e+00
1.000000000000000000e+00
4.721581145329837303e-01
1.912367194634792197e-02
6.087030950866499923e-01
1.860558341395112114e-01
5.149027471327516370e-01
1.889435723687362401e-01
2.974440090833174385e-02
1.753630691608076830e-01
9.041376908814648949e-01
6.100704341238604167e-01
5.352851797566706704e-01
1.624025485411540182e-01
1.048718733620791765e-02
1.832172270896892385e-01
4.684261879097986192e-01
9.214845129654150591e-02
6.804311587607299039e-01
6.096468840518982635e-01
4.155064838101688585e-01
1.358128640665653419e-01
1.593705291555933823e-01
4.265757358600684723e-01
1.322752251034448046e-01
1.220306427617111056e-01
1.293182180607589105e-01
1.296476004994797371e-01
4.122768902115931389e-01
4.993996624295875542e-01
1.256903490714209592e-01
5.674298201135118402e-01
1.326319563997911954e-01
3.704864160479567903e-01
1.316195844858501218e-01
5.453808661729505625e-01
1.223300683631946273e-01
2.986835251701529595e-03
9.001722077746696082e-02
8.974208362080972334e-02
8.178502730125516984e-02
3.912605863554500796e-01
7.915398612169079195e-02
3.988824131215326085e-01
3.664803911830654543e-02
1.905335492015233223e-01
4.882795301902054241e-02
2.248134591058922327e-01
