5.388452052100840307e-03
5.388337498769450208e-03
4.170415083781767174e-02
9.480243110130642803e-02
2.975521297382087704e-01
1.216543713657670112e-01
1.825624479533783928e-01
2.115580823084108053e-01
2.020167104421361770e-01
1.587675620256180364e-01
5.985847077356767354e-01
2.565261224800418488e-02
1.591830225398401799e-01
8.345382248801423986e-01
1.000000000000000000e+00
4.947277938179205359e-01
4.377584511368981524e-02
6.427086142781435196e-01
1.938068543340560057e-01
5.938140240728548847e-01
1.958613251760062957e-01
2.395343155791750805e-02
1.863674255621761422e-01
9.304493166232759016e-01
7.251572692829393318e-01
6.253085685203858546e-01
1.642822507661042819e-01
2.469526404239054114e-04
1.860889058458047585e-01
4.574002549625922343e-01
9.343300927490251484e-02
6.550856430489997440e-01
6.301089740009322426e-01
4.050575694180634789e-01
1.446292204444136198e-01
1.651909388265599410e-01
4.650371461874551748e-01
1.404589242386612424e-01
1.290535260175467436e-01
1.367481983701164527e-01
1.367169829725470853e-01
4.736875850713540004e-01
5.606867654059227712e-01
1.332709880345387676e-01
6.462810222228141388e-01
1.405350873185747529e-01
3.720791263254465409e-01
1.384958370198715039e-01
5.461486914798142633e-01
1.292161333568436488e-01
0.000000000000000000e+00
9.391003609749605519e-02
9.298241605214879746e-02
8.567330787971108585e-02
4.305733313130184481e-01
8.271933931648742244e-02
4.478006120325082051e-01
3.682775738955278849e-02
2.641565721912429443e-01
4.994248140512497214e-02
2.858775646780460367e-01
