0.000000000000000000e+00
6.444335927734536895e-01
0.000000000000000000e+00
0.000000000000000000e+00
0.000000000000000000e+00
0.000000000000000000e+00
1.000000000000000000e+00
7.277655372410459789e-01
6.055152414126431237e-01
6.999883335277744534e-01
0.000000000000000000e+00
6.888775187080214968e-01
0.000000000000000000e+00
7.610223162947283848e-01
0.000000000000000000e+00
8.444865918901350854e-01
7.944180930317827904e-01
6.722111298145031499e-01
6.221909634839418723e-01
7.222222962950616276e-01
7.500001666638889120e-01
7.666538891018482849e-01
0.000000000000000000e+00
6.335127747870868964e-01
2.777730371160480605e-02
6.944444259262344543e-01
6.277672038799353427e-01
5.833236112731454703e-01
7.444319261345644367e-01
6.111008149864167738e-01
3.333277778703688105e-02
8.166530557824035474e-01
1.055519074682088471e-01
5.611016483058615112e-01
5.444445925901234551e-01
5.999900001666638172e-01
5.999900001666638172e-01
0.000000000000000000e+00
9.832186130231161947e-01
8.279295345077580803e-01
7.889021849635838857e-01
6.722111298145031499e-01
6.446162563957266167e-01
0.000000000000000000e+00
0.000000000000000000e+00
0.000000000000000000e+00
5.499908334861085546e-01
0.000000000000000000e+00
0.000000000000000000e+00
0.000000000000000000e+00
5.832652789120180703e-01
0.000000000000000000e+00
0.000000000000000000e+00
0.000000000000000000e+00
0.000000000000000000e+00
4.388890185163580315e-01
0.000000000000000000e+00
0.000000000000000000e+00
0.000000000000000000e+00
9.055405743237611160e-01
0.000000000000000000e+00
