0.000000000000000000e+00
5.460892121380544681e-03
8.093135250437435979e-02
3.714001865986781836e-01
4.321196514719447546e-01
5.570802007887099006e-01
8.411122205927890061e-01
7.412976872143084428e-01
5.774162273641557652e-01
8.371252959657733417e-01
8.088238807698915345e-01
4.905570987605589184e-01
4.255213403693234309e-01
8.355475665460113666e-01
7.820120137422138518e-01
8.565495998984247183e-01
8.212223136937202295e-01
7.849911100786226559e-01
8.097883929997671260e-01
1.000000000000000000e+00
7.204567931827313698e-01
6.653307306358887674e-01
5.258001957027965689e-01
4.579382579901002392e-01
5.054525804426019953e-01
4.453823202429655348e-01
4.721859947557179860e-01
4.831093579195374077e-01
4.508357944144685270e-01
4.056528531729133857e-01
7.983970435924613307e-01
7.899562805696247469e-01
4.413938762768183643e-01
3.371336374355152765e-01
3.460774506657178229e-01
3.475604746129453693e-01
3.922469196590745999e-01
3.361405854627368406e-01
6.702242538600002852e-01
7.558570672476778718e-01
7.562199211814524258e-01
6.395119155809897427e-01
7.156947374799454975e-01
6.127110116278301488e-01
4.260021367270563353e-01
6.638411824676845319e-01
3.996946605000961661e-01
4.150866383775650981e-01
8.480337338569473582e-01
6.151826189033315906e-01
4.502896366831146691e-01
2.487586850340269828e-01
1.842066723058974620e-01
4.915770221822917674e-01
3.803376245627207997e-01
4.394240381972582821e-01
1.901688271768421090e-01
1.484672579140141335e-01
2.199558283428008354e-01
2.442851250204589597e-01
2.780482069027688241e-01
